11111111111111111111111111111111111111111111111111
10000000000000000000000000000000000000000000000001
10110011001000100110011000011001100100010011001101
10110011001000100110011000011001100100010011001101
10110000001000100000011000011000000100010000001101
10110000001000100000011000011000000100010000001101
10110011001000100110011000011001100100010011001101
10110011000000000110011000011001100000000011001101
10110000000000000000011000011000000000000000001101
10110000000000000000011000011000000000000000001101
10111110000000000011111000011111000000000001111101
10000000000000000000000000000000000000000000000001
10000000000000000000000000000000000000000000000001
10000000000000000000000000000000000000000000000001
10111110000000000011111000011111000000000001111101
10110000000000000000011000011000000000000000001101
10110000000000000000011000011000000000000000001101
10110011000000000110011000011001100000000011001101
10110011001000100110011000011001100100010011001101
10110000001000100000011000011000000100010000001101
10110000001000100000011000011000000100010000001101
10110011001000100110011000011001100100010011001101
10110011001000100110011000011001100100010011001101
10000000000000000000000000000000000000000000000001
10000000000000000000000000000000000000000000000001
10000000000000000000000000000000000000000000000001
10000000000000000000000000000000000000000000000001
10110011001000100110011000011001100100010011001101
10110011001000100110011000011001100100010011001101
10110000001000100000011000011000000100010000001101
10110000001000100000011000011000000100010000001101
10110011001000100110011000011001100100010011001101
10110011000000000110011000011001100000000011001101
10110000000000000000011000011000000000000000001101
10110000000000000000011000011000000000000000001101
10111110000000000011111000011111000000000001111101
10000000000000000000000000000000000000000000000001
10000000000000000000000000000000000000000000000001
10000000000000000000000000000000000000000000000001
10111110000000000011111000011111000000000001111101
10110000000000000000011000011000000000000000001101
10110000000000000000011000011000000000000000001101
10110011000000000110011000011001100000000011001101
10110011001000100110011000011001100100010011001101
10110000001000100000011000011000000100010000001101
10110000001000100000011000011000000100010000001101
10110011001000100110011000011001100100010011001101
10110011001000100110011000011001100100010011001101
10000000000000000000000000000000000000000000000001
11111111111111111111111111111111111111111111111111
